((("debug" .
   [3 0 0 0 0])
  ("debugly" .
   [1 0 0 0 0 0 0])
  ("py" .
   [1 0])
  ("bin" .
   [1 0 0])
  ("longest-strings" .
   [0 0 0 0 0 0 0 0 0 1 0 0 0 0 0])
  ("string-append" .
   [2 0 0 0 0 0 0 0 0 0 0 0 0])
  ("class" .
   [6 0 0 0 0])
  ("mupl-map" .
   [1 0 0 0 0 0 0 0])
  ("fun-nameopt" .
   [1 0 0 0 0 0 0 0 0 0 0])
  ("closure?" .
   [3 0 0 0 0 0 0 0])
  ("test" .
   [2 0 0 0])
  ("mlet" .
   [6 0 0 0])
  ("eval-under-env" .
   [1 0 0 0 0 0 0 0 0 0 0 0 0 0])
  ("closure-fun" .
   [3 0 0 0 0 0 0 0 0 0 0])
  ("apair?" .
   [1 0 0 0 0 0])
  ("snd" .
   [6 0 0])
  ("and" .
   [4 0 0])
  ("eval" .
   [4 0 0 0])
  ("null?" .
   [2 0 0 0 0])
  ("list" .
   [2 0 0 0])
  ("isaunit?" .
   [1 0 0 0 0 0 0 0])
  ("apair" .
   [16 0 0 0 0])
  ("eval-exp" .
   [15 0 0 0 0 0 0 0])
  ("int-num" .
   [3 0 0 0 0 0 0])
  ("fst" .
   [10 0 0])
  ("ml" .
   [17 0])
  ("xs" .
   [1 0])
  ("last" .
   [1 0 0 0])
  ("first" .
   [1 0 0 0 0])
  ("struct" .
   [1 0 0 0 0 0])
  ("of" .
   [1 0])
  ("all-defined-out" .
   [0 0 0 0 0 0 0 0 0 1 0 0 0 0 0])
  ("provide" .
   [1 0 0 0 0 0 0])
  ("lang" .
   [2 0 0 0])
  ("new-ans" .
   [6 0 0 0 0 0 0])
  ("assoc" .
   [2 0 0 0 0])
  ("ans" .
   [4 0 0])
  ("vector" .
   [1 0 0 0 0 0])
  ("res" .
   [2 0 0])
  ("thunk" .
   [1 0 0 0 0])
  ("count" .
   [2 0 0 0 0])
  ("num" .
   [2 0 0])
  ("stream-add-zero" .
   [3 0 0 0 0 0 0 0 0 0 0 0 0 0 0])
  ("even?" .
   [2 0 0 0 0])
  ("str" .
   [1 0 0])
  ("dan-then-dog" .
   [1 0 0 0 0 0 0 0 0 0 0 0])
  ("remainder" .
   [3 0 0 0 0 0 0 0 0])
  ("funny-number-stream" .
   [0 0 0 0 0 0 0 0 0 0 0 0 0 0 1 0 0 0 0])
  ("reverse" .
   [3 0 0 0 0 0 0])
  ("pr" .
   [7 0])
  ("car" .
   [16 0 0])
  ("cons" .
   [33 0 0 0])
  ("length" .
   [3 0 0 0 0 0])
  ("cdr" .
   [7 0 0])
  ("stream" .
   [7 0 0 0 0 0])
  ("letrec" .
   [17 0 0 0 0 0])
  ("hello" .
   [1 0 0 0 0])
  ("__main__" .
   [0 0 0 0 1 0 0 0])
  ("datetime" .
   [1 0 0 0 0 0 0 0])
  ("unittest" .
   [1 0 0 0 0 0 0 0])
  ("coding" .
   [1 0 0 0 0 0])
  ("usr" .
   [1 0 0])
  ("define" .
   [24 0 0 0 0 1])
  ("lambda" .
   [48 0 0 1 2 0])
  ("int" .
   [28 0 0])
  ("forward-button" .
   [0 0 1 0 0 0 0 0 0 0 0 0 0 0])
  ("bar" .
   [1 0 0])
  ("footnote" .
   [0 0 0 2 0 0 0 0])
  ("if" .
   [24 0])
  ("print" .
   [4 0 0 1 0])
  ("return" .
   [9 0 0 0 0 0])
  ("wrapper" .
   [2 0 0 0 0 0 0])
  ("logging_decorator" .
   [0 0 0 0 0 0 0 1 0 0 0 0 0 0 0 0 0])
  ("foo" .
   [8 0 0])
  ("__name__" .
   [1 0 0 1 0 0 1 0])
  ("def" .
   [16 0 0])
  ("func" .
   [4 0 0 0])
  ("interactive-form" .
   [0 0 0 0 0 0 0 0 0 0 0 0 0 1 0 0])
  ("interactive" .
   [0 0 0 0 0 0 0 1 0 0 1])
  ("define-key-after" .
   [0 0 0 1 0 0 0 0 0 0 0 0 0 0 0 0])
  ("def-edebug-spec" .
   [0 0 0 1 0 0 0 0 0 0 0 0 0 0 0])
  ("Autoload" .
   [0 0 0 0 2 0 0 0])
  ("hex" .
   [0 0 1])
  ("for" .
   [2 0 0])
  ("raise" .
   [0 0 1 0 0])
  ("range" .
   [1 0 0 1 0])
  ("enumerate" .
   [0 0 0 0 0 1 0 0 0])
  ("autoload" .
   [1 0 0 0 0 0 0 0])
  ("nil" .
   [1 0 0])
  ("import" .
   [11 0 0 0 0 0])
  ("repr" .
   [0 0 2 0])
  ("else" .
   [5 0 0 0])
  ("reversed" .
   [0 0 1 0 0 0 0 0])
  ("let" .
   [8 0 0])
  ("add-hook" .
   [3 0 0 0 0 0 0 0])
  ("racket" .
   [3 0 0 0 0 0])
  ("scheme-mode-hook" .
   [1 0 0 0 0 0 0 0 0 0 0 0 0 0 0 0])
  ("Rainbow" .
   [0 0 0 0 0 0 2])
  ("rainbow-delimiters-mode" .
   [1 0 0 0 0 0 0 0 0 0 0 0 0 0 0 0 0 0 0 1 0 0 0])
  ("prog-mode-hook" .
   [1 0 0 0 0 0 0 0 0 0 0 0 0 0])
  ("rainbow-delimiters" .
   [0 0 0 0 0 0 0 0 0 0 0 0 0 0 0 0 0 1])
  ("list-nth-mod" .
   [1 0 0 0 0 0 0 0 0 0 0 1])
  ("xs-elem" .
   [1 0 0 0 0 0 0])
  ("ys-elem" .
   [1 0 0 0 0 0 0])
  ("vector-ref" .
   [2 0 0 0 0 0 0 0 0 0])
  ("vec" .
   [4 0 0])
  ("cond" .
   [4 0 0 0])
  ("vector-length" .
   [3 0 0 0 0 0 0 0 0 0 0 0 0])
  ("equals?" .
   [1 0 0 0 0 0 0])
  ("elem" .
   [2 0 0 0])
  ("memo" .
   [3 0 0 0])
  ("null" .
   [3 0 0 0])
  ("begin" .
   [7 0 0 0 0])
  ("vector-set!" .
   [1 0 0 0 0 0 0 0 0 0 0])
  ("helper" .
   [15 0 0 0 0 0])
  ("e2" .
   [12 0])
  ("e1" .
   [5 0])
  ("check-sqrt" .
   [1 0 0 0 0 0 0 0 0 0])
  ("try-it" .
   [2 0 0 0 0 0])
  ("exp" .
   [3 0 0])
  ("expmod" .
   [4 0 0 0 0 0])
  ("random" .
   [1 0 0 0 0 0])
  ("fast-prime?" .
   [1 0 0 0 0 0 0 0 0 0 1])
  ("times" .
   [3 0 0 0 0])
  ("miller-rabin" .
   [1 0 0 0 0 0 0 0 0 0 0 0])
  ("println" .
   [10 0 0 0 0 0 0])
  ("or" .
   [1 0])
  ("not" .
   [1 0 0])
  ("aunit" .
   [9 0 0 0 0])
  ("mupllist->racketlist" .
   [0 0 0 0 0 0 0 0 0 0 0 0 0 1 0 0 0 0 0 0])
  ("aunit?" .
   [3 0 0 0 0 0])
  ("e3" .
   [3 0])
  ("ifgreater" .
   [5 0 0 0 0 0 0 0 0])
  ("it" .
   [1 0])
  ("v1" .
   [3 0])
  ("v2" .
   [2 0])
  ("add-test" .
   [1 0 0 0 0 0 0 0])
  ("check-equal?" .
   [3 0 0 0 0 0 0 0 1 0 0 0])
  ("mlet*" .
   [3 0 0 0 0])
  ("var" .
   [25 0 0])
  ("20" .
   [1 0])
  ("add" .
   [7 0 0])
  ("e4" .
   [2 0])
  ("10" .
   [5 0])
  ("23" .
   [1 0])
  ("fun" .
   [7 0 0])
  ("call" .
   [10 0 0 0])
  ("map" .
   [2 0 0])
  ("lst" .
   [1 0 0])
  ("isaunit" .
   [3 0 0 0 0 0 0])
  ("is" .
   [1 0])
  ("ifeq" .
   [2 0 0 0])
  ("var?" .
   [2 0 0 0])
  ("var-set" .
   [6 0 0 0 0 0 0])
  ("count-vars" .
   [3 0 0 0 0 0 0 0 0 0])
  ("rest-of" .
   [2 0 0 0 0 0 0])
  ("FALSE" .
   [0 0 0 0 1])
  ("false" .
   [1 0 0 0 0])
  ("free-vars" .
   [3 0 0 0 0 0 0 0 0])
  ("set" .
   [2 0 0])
  ("puts" .
   [1 0 0 0])
  ("attr_reader" .
   [0 0 0 0 0 1 0 0 0 0 0])
  (":e2" .
   [1 0 0])
  ("initialize" .
   [0 0 0 0 1 0 0 0 0 0])
  ("Int" .
   [2 0 0])
  ("hasZero" .
   [1 0 0 0 0 0 0])
  ("Negate" .
   [2 0 0 0 0 0])
  ("self" .
   [1 0 0 0])
  ("noNegConstants" .
   [0 0 0 3 1 2 0 0 0 0 0 0 0 1])
  ("Add" .
   [1 0 0])
  ("Mult" .
   [1 0 0 0])
  ("public" .
   [1 0 0 0 0 0])))
